max_v_measure :0.22540004166389518
max_silhouette_score :0.22749974302169876
selected_threshold :0
cluster_count :1705
